-1.6724723481087183
-1.5110271660922538
0.04511119898984127
0.8379555103692139
0.8966525151362266
0.4770706342212551
-0.23376071309085478
0.058081698084905486
0.051713738528474454
-0.23251489212140683
-0.272713408872892
-0.658408455244952
0.6644391864788725
0.10940627224828062
-0.21258887807730584
-3.552294416833561
-4.114965159267728
-0.11079865567887567
0.5518672433111486
-0.46483333632397095
0.6196152668248118
0.3425019756843202
-0.46278775985100534
-8.576517813627957
5.738140371387384
0.9367522100247337
-0.3055948208068772
2.925210583936381
-4.020898495767426
-0.2449800773070242
-0.01950562722442063
-0.7208734090983258
-1.9429302779110067
-0.28433177765391615
8.589049594941345
-5.4945938039355875
-0.7714794675713048
1.0907394822251422
6.836496578969918
-10.339678700060716
0.6696332936384508
4.868275455743549
0.8023550036847332
-0.38385703059844944
0.1369224178722295
0.2531241043859172
0.18463136545973327
0.25261602222195495
1.125377019124129
