-3.6561338078433083
-1.0088037301861559
0.13288615319225563
0.8705816184274718
7.8639404152477
0.17689462455116828
-1.0791591309293385
-2.2402777094354787
-0.500596852696876
-1.584564280530116
-0.5502609918833431
0.4151237634173401
4.342439324262202
-1.1465963958199827
-0.8667707014913943
-0.4743411812676364
0.5425294074751036
-1.175031992440436
0.6332065447787454
-0.015932036298892175
-0.017547053823226036
0.07881925119380381
-0.12405045780575845
-0.03906995332238821
-0.5808200967219564
-0.06819678060809779
0.04783278407792926
2.2912946665168463
-0.21523329202165542
0.1258323931300782
-0.17799434699031655
0.061232038606179116
-0.06855836171475989
-0.031640992187734834
0.17339606418071402
-0.19017675040734308
0.06176642062942329
-0.3581715287305758
1.053971289542868
